,a_length_bin,a_V_segment_spec,a_V_segment_agg,a_kidera1,a_kidera2,a_kidera3,a_kidera4,a_kidera5,a_kidera6,a_kidera7,a_kidera8,a_kidera9,a_kidera10,b_length_bin,b_V_segment_spec,b_V_segment_agg,b_kidera1,b_kidera2,b_kidera3,b_kidera4,b_kidera5,b_kidera6,b_kidera7,b_kidera8,b_kidera9,b_kidera10
a_length_bin,1.0,-0.16373955356009967,-0.07957668607054012,0.20734252041559478,-0.2561982323321167,-0.07693334336633079,0.16068729506025767,0.05368397403812881,-0.1993054437115623,0.08604232850036318,-0.007365435742888185,-0.4122019536101261,0.17823960962899135,0.11171878069954282,-0.06601376461933463,-0.061993806519385436,0.014906614389200755,0.07692570505665652,0.044824572119980054,0.0063008544907439045,-0.00047772906979072423,0.05340089731739324,0.03676831717195121,0.02388495873645967,0.06438431459953231,-0.04223369418499519
a_V_segment_spec,-0.16373955356009964,1.0,0.14133651276054465,-0.12650761311476594,0.040458199959773504,0.22039622084111812,-0.08035205446097048,0.04151993377569819,-0.11709569750700517,-0.2823094142290319,-0.1752985964705591,0.1775349891775185,-0.08085020644367504,0.211844873857784,0.007165777124931335,0.027316402979776125,-0.06557801530333934,-0.0650405739614862,-0.21036402078725208,-0.041263562119307075,-0.10491494171656501,-0.07786368357285181,-0.07752370081594684,-0.04644476306803545,0.029430678742581328,0.0969365534378989
a_V_segment_agg,-0.07957668607054012,0.14133651276054465,1.0,-0.19548083192315346,0.016199367124683253,0.0401828219187776,0.010102227159221214,-0.007830826142679721,0.055078353158845836,-0.09844928009803125,-0.12713061675823573,0.07970223213663663,-0.008913725313578365,-0.04177948118177938,-0.010412577675394795,0.03618170300976843,-0.012250720428735984,-0.05815658659100935,-0.02015306651151488,0.03378264577445819,0.014716435008292256,-0.023207455429638885,0.01807354398874078,0.018949049409636473,-0.01175225879344933,0.05651364850622542
a_kidera1,0.20734252041559478,-0.12650761311476594,-0.1954808319231535,0.9999999999999999,-0.11048202030568254,0.07299533756035856,-0.08074953790838434,0.29500366867200706,0.03578745491191032,0.1428082886766371,0.41421042419620147,-0.298223022185319,0.00331904288237392,-0.03536734098689153,-0.04480795994150401,0.0014783613251329283,-0.011214177944556822,0.06377559212554632,0.08650895489110932,-0.0100044952945769,-0.009400525203935858,0.057754717066354815,-0.04519865664868205,-0.054663362907201,0.02751019181017481,-0.051179503351758415
a_kidera2,-0.2561982323321167,0.040458199959773504,0.016199367124683253,-0.11048202030568254,1.0,0.17110026529848413,0.20246157512963447,-0.10296447027986587,0.24513258642517696,-0.27046780968198025,-0.17178892879548205,0.5424414178587157,-0.006266573310092939,0.07238643887935702,0.17070774838668137,-0.02428455050861849,0.035844621748385784,-0.08460202056924407,-0.08661376371927217,-0.0905930441418614,0.14212191628247467,-0.0035113157777740887,0.12942378830324933,0.151946525423295,0.012252087727030153,-0.013302825740746373
a_kidera3,-0.07693334336633077,0.22039622084111812,0.0401828219187776,0.07299533756035856,0.17110026529848413,0.9999999999999999,-0.012940100643215305,0.278721323621461,-0.03661456530143238,-0.1939191369621767,-0.10656503712260758,-0.02556210187404989,0.07430438435469952,0.0841996171268055,0.0007669921624251692,0.06257363596977299,-0.03192463603297654,-0.07311992498053392,-0.1213103640942682,-0.08524854352366164,-0.02317122697826113,-0.11393294049385919,-0.04538685548305574,-0.013856516982191048,-0.02061576533491291,0.04673798740277693
a_kidera4,0.16068729506025764,-0.08035205446097048,0.010102227159221214,-0.08074953790838434,0.2024615751296345,-0.012940100643215305,1.0,-0.1617632109228537,0.276126568634652,-0.004117303186029703,-0.16050532075646853,0.13981501691778248,0.18884715894886123,0.07138349559270266,0.018013542127626604,-0.02418197879456604,0.06976060805193007,-0.02191796562796963,-0.009902097647017181,-0.03803805956987748,0.07255508463148919,-0.015566727158952095,0.07366499784632762,0.10384199966248145,-0.01065206208234518,-0.02215299597413266
a_kidera5,0.05368397403812881,0.04151993377569818,-0.007830826142679721,0.29500366867200706,-0.10296447027986587,0.27872132362146107,-0.1617632109228537,1.0,-0.16053348351397123,0.17575278516935863,0.1776660112432945,-0.17750966214699504,0.08542370762535646,0.07759532602651102,-0.06370708976433534,0.02284529628230968,0.021450482465588533,-0.02538686183831088,-0.004805180573562137,-0.07913370756023286,0.027330934955002866,-0.048619064486978135,-0.011563008083718409,-0.030482316917807242,-0.03131023048737611,-0.021702119585749642
a_kidera6,-0.1993054437115623,-0.11709569750700517,0.055078353158845836,0.03578745491191033,0.24513258642517693,-0.03661456530143239,0.276126568634652,-0.1605334835139712,1.0,0.013897299060643527,0.15999156096449255,0.1470260138731406,-0.3801281863404436,-0.080517588680618,-0.08196909956396435,-0.031410551760881644,-6.295102578418909e-05,-0.011682521232666441,0.0668451087320046,0.059054925272754515,0.0011182259437492333,-0.03766998850486768,-0.06757135407463553,-0.03872153115127187,0.009959605519383895,-0.002560244181923976
a_kidera7,0.08604232850036318,-0.2823094142290319,-0.09844928009803125,0.1428082886766371,-0.2704678096819802,-0.19391913696217666,-0.004117303186029703,0.17575278516935863,0.013897299060643527,1.0,0.46734559031443534,-0.23550653435521374,0.1559696883001356,-0.023141215805165948,-0.04160048368957013,-0.012159593995198996,0.021377200987008294,0.05087249614398931,0.12387711218283254,0.04830581635192089,0.02984259067616066,0.02021134377810334,-0.0046640075310770005,-0.023772072471291785,-0.0237728251496335,-0.05486377942703923
a_kidera8,-0.007365435742888186,-0.17529859647055912,-0.12713061675823573,0.4142104241962014,-0.17178892879548202,-0.10656503712260758,-0.16050532075646853,0.17766601124329454,0.15999156096449252,0.4673455903144354,0.9999999999999999,-0.12507692916004906,-0.05533650113061118,-0.06545774979976848,-0.034967517388217705,-0.021027300738977336,0.015227239387271557,0.0757235912463583,0.13797534640693393,0.06442786272944394,0.005619681005555266,0.1065701035299297,-0.04624368306194725,-0.03126990860619445,0.010343368740975526,-0.07156759673055264
a_kidera9,-0.4122019536101261,0.1775349891775185,0.07970223213663663,-0.298223022185319,0.5424414178587157,-0.02556210187404989,0.13981501691778248,-0.17750966214699504,0.1470260138731406,-0.23550653435521374,-0.12507692916004903,1.0,-0.2430898417304829,-0.01744406518775751,0.0801833704518125,0.01351462036708373,-0.038702016396844535,-0.05701962780519824,-0.09532268163257449,-0.04692415098438499,-0.01610924238711872,-0.05516397674272642,-0.022218676073501798,-0.00567093724961853,0.012058815536717452,0.05731901672515314
a_kidera10,0.17823960962899138,-0.08085020644367504,-0.008913725313578367,0.00331904288237392,-0.006266573310092939,0.07430438435469952,0.18884715894886123,0.08542370762535648,-0.3801281863404436,0.1559696883001356,-0.05533650113061118,-0.24308984173048287,0.9999999999999999,0.08452089242563827,0.09060022858447386,0.0020266057074395626,0.09055705020438418,-0.02799733954887422,-0.030231660031918677,-0.06808824009186198,0.17920740461118548,0.06474372778808829,0.15772934298425442,0.1416753213344332,-0.030222733517205627,-0.10004527287939129
b_length_bin,0.11171878069954283,0.211844873857784,-0.04177948118177937,-0.03536734098689153,0.07238643887935702,0.0841996171268055,0.07138349559270264,0.07759532602651102,-0.08051758868061798,-0.023141215805165948,-0.06545774979976848,-0.01744406518775751,0.08452089242563827,1.0,0.07694383675016396,-0.07007070696456698,-0.028313954262031607,-0.06372662969912095,-0.16398292314986188,-0.1341709278742478,-0.030262787510937438,-0.08872722456407992,0.036638880993040746,0.06027860239254111,0.0021050007265779255,0.055079446586370054
b_V_segment_spec,-0.06601376461933463,0.007165777124931334,-0.010412577675394797,-0.04480795994150401,0.1707077483866814,0.0007669921624251692,0.0180135421276266,-0.06370708976433534,-0.08196909956396435,-0.04160048368957013,-0.034967517388217705,0.08018337045181248,0.09060022858447385,0.07694383675016395,0.9999999999999999,0.14952519072144083,-0.007692123157159796,-0.020304209298145567,-0.1613774148805888,-0.05318711736399567,-0.012665115958287138,0.0004926578112794346,0.1785675608763525,0.15500767190238451,-0.05527313403170012,0.11958276678884876
b_V_segment_agg,-0.061993806519385436,0.02731640297977613,0.03618170300976844,0.0014783613251329283,-0.02428455050861849,0.06257363596977299,-0.024181978794566038,0.022845296282309677,-0.031410551760881644,-0.012159593995198996,-0.021027300738977336,0.01351462036708373,0.0020266057074395626,-0.07007070696456698,0.14952519072144085,0.9999999999999999,-0.01854213891018338,0.03639781243909698,-0.026610732598771822,0.04134666427850665,-0.02228946657505391,-0.10838116607727981,-0.10840988838458655,-0.12229493428182736,-0.005182836327470414,0.029616689909211014
b_kidera1,0.014906614389200755,-0.06557801530333934,-0.012250720428735982,-0.011214177944556822,0.035844621748385784,-0.03192463603297654,0.06976060805193007,0.021450482465588533,-6.29510257841891e-05,0.021377200987008294,0.015227239387271557,-0.038702016396844535,0.09055705020438418,-0.028313954262031607,-0.007692123157159795,-0.018542138910183376,1.0,-0.10221673026828339,0.32095512334259724,0.05398543745049662,0.49687970943479803,0.2714352564589219,0.11659656254673544,0.21960304952905946,-0.34644016672232214,-0.06147004349791833
b_kidera2,0.07692570505665652,-0.0650405739614862,-0.05815658659100934,0.06377559212554632,-0.08460202056924407,-0.0731199249805339,-0.021917965627969625,-0.025386861838310876,-0.011682521232666443,0.05087249614398931,0.07572359124635829,-0.05701962780519824,-0.02799733954887422,-0.06372662969912095,-0.020304209298145567,0.036397812439096976,-0.1022167302682834,1.0,0.12861970760343924,0.4141813063787798,-0.17656386860995443,0.31964691592547717,-0.2616518256479283,-0.2837249390827268,0.44261943193712705,-0.23970620688926583
b_kidera3,0.044824572119980054,-0.21036402078725208,-0.02015306651151488,0.08650895489110932,-0.08661376371927218,-0.1213103640942682,-0.00990209764701718,-0.004805180573562137,0.06684510873200461,0.12387711218283254,0.13797534640693393,-0.09532268163257447,-0.030231660031918677,-0.16398292314986185,-0.16137741488058877,-0.026610732598771825,0.32095512334259724,0.12861970760343924,1.0,0.24794280038847294,0.1735595633544149,0.23077622218808772,-0.05409227320218552,-0.03003501267272766,-0.16209691450770417,-0.019167499780270297
b_kidera4,0.006300854490743905,-0.041263562119307075,0.033782645774458185,-0.0100044952945769,-0.09059304414186141,-0.08524854352366165,-0.038038059569877485,-0.07913370756023287,0.05905492527275452,0.04830581635192089,0.06442786272944394,-0.04692415098438499,-0.06808824009186198,-0.1341709278742478,-0.05318711736399567,0.04134666427850664,0.05398543745049662,0.4141813063787798,0.2479428003884729,1.0,-0.14235819496157545,0.5044242451561073,-0.22217758125453654,-0.21354453514279703,0.1275099422765902,-0.15723131748839397
b_kidera5,-0.0004777290697907242,-0.10491494171656501,0.014716435008292257,-0.009400525203935858,0.14212191628247467,-0.02317122697826113,0.07255508463148919,0.027330934955002866,0.0011182259437492333,0.029842590676160657,0.005619681005555267,-0.01610924238711872,0.17920740461118545,-0.030262787510937438,-0.012665115958287137,-0.022289466575053908,0.49687970943479803,-0.1765638686099544,0.17355956335441486,-0.14235819496157545,1.0,0.21211578967370548,0.32135121057981075,0.23680532491269937,-0.15764375444781595,-0.44837180075240535
b_kidera6,0.05340089731739324,-0.0778636835728518,-0.02320745542963889,0.05775471706635482,-0.0035113157777740887,-0.11393294049385919,-0.015566727158952095,-0.048619064486978135,-0.037669988504867684,0.02021134377810334,0.1065701035299297,-0.05516397674272642,0.0647437277880883,-0.08872722456407992,0.0004926578112794346,-0.10838116607727982,0.27143525645892186,0.3196469159254771,0.23077622218808772,0.5044242451561073,0.21211578967370548,0.9999999999999999,0.08896435261881123,0.2041760363788879,-0.02217504023884074,-0.4146998064429134
b_kidera7,0.03676831717195121,-0.07752370081594684,0.01807354398874078,-0.045198656648682056,0.12942378830324933,-0.04538685548305574,0.07366499784632762,-0.011563008083718409,-0.06757135407463555,-0.0046640075310770005,-0.04624368306194725,-0.0222186760735018,0.15772934298425445,0.03663888099304075,0.1785675608763525,-0.10840988838458655,0.11659656254673545,-0.2616518256479284,-0.05409227320218553,-0.22217758125453654,0.3213512105798107,0.08896435261881123,0.9999999999999999,0.6203056220206455,-0.19569048695375277,0.005138568935963609
b_kidera8,0.02388495873645967,-0.046444763068035445,0.018949049409636473,-0.054663362907201,0.151946525423295,-0.013856516982191048,0.10384199966248145,-0.030482316917807242,-0.03872153115127187,-0.023772072471291785,-0.03126990860619445,-0.005670937249618529,0.1416753213344332,0.06027860239254112,0.1550076719023845,-0.12229493428182736,0.21960304952905946,-0.2837249390827268,-0.03003501267272766,-0.21354453514279703,0.23680532491269937,0.2041760363788879,0.6203056220206454,0.9999999999999999,-0.3433320742650277,-0.006594763301242577
b_kidera9,0.06438431459953231,0.029430678742581325,-0.011752258793449329,0.027510191810174806,0.012252087727030153,-0.020615765334912915,-0.010652062082345178,-0.03131023048737611,0.009959605519383895,-0.0237728251496335,0.010343368740975524,0.012058815536717452,-0.030222733517205624,0.002105000726577925,-0.05527313403170013,-0.005182836327470415,-0.34644016672232214,0.4426194319371271,-0.16209691450770417,0.1275099422765902,-0.15764375444781598,-0.022175040238840742,-0.19569048695375277,-0.3433320742650277,1.0,-0.17133667582867756
b_kidera10,-0.04223369418499519,0.0969365534378989,0.05651364850622542,-0.051179503351758415,-0.013302825740746373,0.04673798740277694,-0.02215299597413266,-0.021702119585749642,-0.002560244181923976,-0.05486377942703923,-0.07156759673055263,0.05731901672515313,-0.10004527287939129,0.055079446586370054,0.11958276678884876,0.029616689909211014,-0.06147004349791833,-0.23970620688926583,-0.019167499780270297,-0.15723131748839397,-0.4483718007524053,-0.4146998064429134,0.005138568935963609,-0.006594763301242577,-0.17133667582867756,0.9999999999999999
